Birth Weight
03200     12307
03300     12260
03400     11683
03100     11667
03000     10879
03500     10647
02900      9290
03600      9059
02800      7509
03700      7466
02700      5925
03800      5808
3200.0     4845
3300.0     4694
02600      4581
3400.0     4520
3100.0     4498
03900      4475
3000.0     4080
3500.0     4061
2900.0     3534
3600.0     3531
02500      3511
04000      3161
3700.0     2916
2800.0     2913
02400      2719
04100      2315
3800.0     2276
2700.0     2258
02300      2088
2600.0     1737
3900.0     1736
02200      1600
04200      1560
2500.0     1361
4000.0     1257
02100      1213
04300      1063
2400.0     1058
02000       992
4100.0      897
2300.0      845
01900       762
04400       735
2200.0      645
4200.0      620
01800       616
01700       519
2100.0      449
04500       439
4300.0      419
2000.0      385
01600       382
01400       307
01500       306
1900.0      296
04600       291
4400.0      288
01300       259
01200       240
1800.0      238
UNKN        215
01100       208
4500.0      204
1700.0      189
00800       183
01000       181
00900       180
04700       178
1600.0      156
00700       151
00500       134
00600       127
1500.0      115
1300.0      111
04800       108
4600.0      100
1400.0       98
1200.0       85
4700.0       74
00400        73
1000.0       70
800.0        68
1100.0       64
04900        63
600.0        60
700.0        60
900.0        50
4800.0       48
05000        43
500.0        39
400.0        26
05100        26
4900.0       22
5000.0       17
05200        15
07000        12
5100.0        9
09000         9
05300         8
5200.0        6
05700         5
06000         5
5400.0        5
05400         4
08000         4
5300.0        4
05500         3
05600         3
6000.0        2
05900         2
06800         2
07900         2
08600         2
7000.0        1
08200         1
6100.0        1
06300         1
08300         1
07100         1
06400         1
7100.0        1
5500.0        1
06100         1
5800.0        1
10800         1
9000.0        1
06200         1
5900.0        1
09800         1
05800         1
8000.0        1
Name: count, dtype: int64