APR DRG Code
640    172392
560    124484
720    123521
137     61442
540     60157
194     57414
750     28747
463     26892
45      26114
139     24745
201     24396
469     24057
53      22341
383     21688
403     21359
420     21017
775     19979
140     19860
175     19480
751     19016
753     18838
133     18471
326     18435
254     17535
249     16213
58      15660
141     15274
710     14729
466     13673
351     13640
263     13605
347     13521
204     13512
192     13424
190     13243
566     12908
244     12888
308     12651
174     12425
282     12413
304     12368
663     12232
247     11920
231     11790
770     11775
241     11671
324     11632
772     11078
42      10444
426     10209
199     10027
134      9998
253      9612
862      9438
284      9232
197      9182
754      8811
138      8799
230      8663
21       8521
313      8410
861      8359
113      8317
425      8260
773      8059
182      8056
626      8053
198      8027
321      7933
323      7864
52       7736
539      7667
183      7250
662      7182
55       7152
721      7112
248      7024
207      6961
280      6909
240      6751
422      6661
121      6634
860      6503
203      6130
234      6055
812      5993
47       5961
30       5938
342      5755
696      5740
143      5735
171      5627
166      5473
136      5446
135      5268
660      5164
344      5163
191      5130
519      5086
465      5021
561      4918
281      4889
48       4848
44       4836
817      4678
951      4636
542      4585
283      4548
774      4527
364      4486
115      4468
245      4454
163      4436
639      4376
181      4355
813      4339
220      4337
111      4323
421      4314
243      4281
314      4211
169      4186
130      4186
816      4159
380      4121
691      4101
252      4098
305      4046
315      4036
470      3879
634      3864
227      3795
513      3792
310      3673
711      3596
633      3443
279      3430
723      3414
443      3383
950      3310
41       3304
468      3259
661      3200
120      3171
54       3153
724      3145
346      3085
5        3079
756      3073
206      2993
446      2948
384      2933
24       2932
82       2876
755      2860
260      2824
385      2819
233      2809
320      2798
179      2787
251      2785
442      2711
325      2697
362      2633
322      2603
343      2551
4        2515
317      2499
694      2488
890      2409
912      2371
930      2280
501      2254
547      2245
952      2207
145      2203
228      2197
776      2179
165      2137
142      2133
341      2094
349      2042
144      2039
229      2038
43       2033
309      2015
224      2013
98       1954
167      1953
340      1933
242      1899
722      1891
892      1884
424      1813
440      1803
690      1783
23       1773
695      1769
180      1733
480      1733
793      1673
92       1643
404      1640
532      1635
681      1612
223      1607
614      1535
482      1521
200      1498
811      1486
680      1472
581      1446
303      1439
622      1420
850      1369
530      1369
484      1367
246      1330
810      1326
46       1307
427      1288
8        1280
26       1260
752      1256
612      1251
758      1224
196      1199
50       1198
531      1194
316      1193
22       1178
57       1162
625      1126
815      1105
89       1105
541      1086
760      1084
264      1074
792      1065
29       1062
20       1061
512      1049
49       1031
461      1004
511      1001
844       984
363       979
361       963
444       957
483       943
97        933
91        916
441       916
543       915
162       915
757       905
740       898
226       893
222       891
894       862
73        847
9         794
564       784
548       765
176       759
40        755
110       731
382       721
518       717
114       717
636       699
381       697
1         694
621       681
607       677
312       674
911       671
462       667
445       651
893       638
7         632
759       611
423       596
842       582
27        580
500       554
401       549
2         549
602       515
447       508
193       504
955       485
132       472
205       472
405       467
593       450
178       448
517       446
611       399
261       365
794       361
51        346
59        338
160       302
843       297
510       272
651       264
591       260
177       259
514       248
131       242
589       227
631       216
910       199
161       189
650       168
95        165
692       161
608       153
956       151
630       149
588       148
56        124
609       121
863       100
623        96
232        94
170        72
6          61
603        51
613        42
580        39
841        36
583        35
Name: count, dtype: int64