Length of Stay
2        460710
1        377177
3        310554
4        199596
5        141226
6        105658
7         83739
8         63581
9         48862
10        39992
11        33210
12        27392
13        24738
14        22814
15        17897
16        14277
17        12314
18        10446
19         9346
20         8645
21         8611
22         6860
23         5705
28         5531
24         5039
25         4513
27         4189
26         4110
29         3369
30         2761
31         2398
32         2231
120 +      2103
33         1994
35         1949
34         1921
36         1639
37         1485
38         1320
39         1245
40         1195
42         1176
41         1134
43         1048
44          909
45          803
48          792
46          765
47          724
49          668
50          627
51          546
52          520
53          518
55          518
54          472
56          465
57          434
58          419
59          358
62          356
61          341
60          338
63          331
64          294
65          267
68          247
66          241
67          238
71          237
69          235
70          227
72          224
74          205
73          193
77          182
75          174
76          170
78          169
79          156
80          145
83          141
85          130
82          130
81          128
84          125
90          124
88          123
86          122
89          107
87          103
93          102
97          100
91           99
96           96
92           96
98           89
94           84
101          80
95           78
99           74
103          71
100          71
105          70
102          69
104          65
107          61
110          59
111          57
117          57
108          57
113          56
106          55
112          55
109          54
118          52
114          52
119          47
115          45
116          41
Name: count, dtype: int64