Zip Code - 3 digits
112    252771
104    199415
117    180238
100    144348
113    107692
114     84825
115     83693
OOS     61450
142     57262
109     56456
105     55657
103     54612
146     53772
125     42813
140     38225
130     34592
119     31402
145     29201
120     27946
144     27132
110     26010
107     25878
121     24328
136     24131
132     23626
128     21774
148     19139
111     18594
141     17782
134     17194
124     16665
116     16337
131     15959
123     14557
122     14502
147     13912
133     12953
137     12568
129     11643
138     11518
127     11415
126     10944
135      8490
106      8337
108      8131
118      8088
139      7965
143      7182
101      4640
149      4442
Name: count, dtype: int64